1252643354719879171
1295728321909723136
1335134651187421186
1322930363602100224
1291635239970672640
1312218742353518592
1288880990233010179
1347920663965798401
1516029213257748485
1257696404488798209
1304762805099393024
1543384056951365632
1282032895398469633
1339368081047638016
1463376334701408256
1359543994204700682
1339653643155496961
1301625998740520960
1322672274835558400
1295914194995417089
1254183618173382657
1332458204702404609
1307754190018543616
1329502523825197061
1254563162831101952
1262387639044517892
1359973495438999559
1315441726337806336
1300219345445023744
1609298485228232705
1276127031713951744
1435896459946307584
1332028609880412160
1362294007028621312
1325327576491937792
1333688680045797378
1325541848228769793
1326227250262536193
1280266405695442946
1303793836477554688
1261902208909619201
1273207091159871489
1295729059792551937
1334186251260289024
1332766553268477956
1257655720775950336
1354725424211910658
1337078303845478400
1264512992223191042
1251680605982453760
1264618139368767490
1320420378540494853
1303543781828960256
1284197192513855490
1357075790190546946
1298368440017866752
1296182409973714944
1290721052755099648
1291472948537241600
1361034796944658434
1267111692904923138
1546014122923491328
1303075191174696961
1342538949458321408
1320127778667352064
1341465433342423041
1253981257131671552
1267059142268764161
1301554605231239168
1471849616689692673
1256515275849191426
1305523587525365760
1346354787806191616
1603710612827258881
1277609874491273218
1259665861683679232
1301663234580078593
1469175378304401408
1289023988555866112
1276223312729948160
1351229097343651840
1265624404328960001
1264310484876099584
1322687807572377606
1313327154059513856
1279845031273213953
1310574096384581632
1317899996595773440
1359538012183527427
1251827823997747200
1524718321924517896
1324813423021035522
1251878763899416576
1339031041311326209